starcoder: 0.38746867167919796
deepseek: 0.4606516290726818
