starcoder: 0.7016330451488952
deepseek: 0.9273775216138329
gemini: 1.0
