starcoder: 0.5738292011019284
deepseek: 0.4444444444444444
gemini: 0.6666666666666666
